{'a_f1': 0.7231151182542866,
 'a_pr': 0.6725814292659292,
 'a_rc': 0.781859282283137,
 'e_f1': 0.4032763189593157,
 'e_pr': 0.35451080050828654,
 'e_rc': 0.4675977653631582}